Hidamari
[LM, LStd, AM, AStd, BM, BStd]^T * [happy, sad, fearful, angry, surprised, disgusted]

[104.38278398  97.51304487  98.31577689  97.87779123  99.95720669 101.32397802]
[47.25210857 45.78715718 45.99963757 45.86530214 46.14666343 47.06353987]
[132.38041614 131.88440686 132.07666877 132.01259776 132.0468227 131.62996536]
[3.4626143  3.31140884 3.35983319 3.36567969 3.37252627 3.30959459]
[138.74792023 138.81557353 138.72628862 139.11164367 138.81628203 139.15606215]
[8.39302959 8.24426579 8.24538791 8.3707329  8.26621445 8.13592957]

Hotel
[47.40555232 47.61496127 47.28868352 47.51686561 46.60115785 45.5907028 ]
[47.37668285 47.81027767 47.50601313 47.28424397 46.82358748 46.84714968]
[135.50508118 136.02386682 135.66781708 135.60834379 135.65329545 135.15214349]
[8.13577558 8.45662406 8.21814729 8.18457838 8.20599868 7.96261993]
[133.53148582 134.16104586 133.50724422 133.76625569 133.31114572 133.502046  ]
[9.04380627 9.12274809 8.97009726 8.93146831 8.95947241 8.87662533]
Merciless
[38.73908309 35.70392345 37.22175262 37.5897048  35.50021715 35.8762404 ]
[42.50822787 40.40538386 41.7249683  41.64728802 40.03467752 40.63047106]
[127.17004626 127.35092987 127.22302299 127.26586191 127.27556826 127.27106044]
[4.64835442 4.61017346 4.54779878 4.70786013 4.50574019 4.47942911]
[130.70278381 130.79209344 130.71106598 130.7879442  130.58596627 130.7422749 ]
[5.88548402 5.82181862 5.78529788 5.92676865 5.70546841 5.77356273]